3,3,3,3,3,3,3,3,6,6,6,6,6,6,6,6,6,6,6,6,6,6,6,8,8,10,10,10,10,10,10,10,10,12,12,12,12,12,12,12,12,14,14,14,14,14,14,14,14,14,14,14,16,18,18,18,18,18,18,18,18,18,18,18,18,18,18,18,18,18,18,18,18,18,18,11,11,11,11,11,11,11,11,11,8,8,6,6,6,6,6,4,4,4,4,4,4,4,4,2,2,2,0,0,0,0,0,0,0,0,0
60,60,62,62,65,67,72,72,77,77,100,102,109,116,116,116,118,131,132,132,152,152,177,182,185,195,199,211,212,212,212,216,220,222,226,228,244,247,253,257,257,261,261,267,271,271,273,274,274,280,280,282,262,256,253,253,253,250,244,244,244,234,234,220,218,214,205,204,197,197,197,178,174,165,165,162,158,155,138,138,125,111,111,111,111,111,94,94,91,90,90,72,72,68,66,66,60,58,51
45,45,45,45,45,45,43,39,39,39,39,35,27,23,23,21,21,15,15,15,13,11,11,10,10,8,8,2,2,2,2,2,2,2,2,0,0,0,0,65,68,670,708,794,824,1181,1602,1655,1715,1726,1801,1895,2016,2085,2350,2384,2451,2600,2625,2989,3071,3576,3633,3657,3781,4034,4255,4870,4900,4968,4972,5151,5580,6415,6421,6667,6732,7080,7144,7508,7584,7656,7660,7736,7831,7839,7845,7803,7657,7641,7609,7607,7541,7467,7458,7450,7442,7428,7341,7337,7318,7292,7274,6533,6481,6444,6304,6292,6189,6160,6154,6004,6000,5574,5571,5514,5293,5022,4243,4110,4091,3836,3706,3217,2832,2802,2749,2729,2676,2293,2253,2038,2012,1675,1407,1374,959,282,282,192,192,111,4,2,2,2,2,2,2,2,2,2,2,2,2,2,2,2,2,0,1,1,1,1,2,2,2,2,3
9,9,9,9,9,9,11,11,11,10,10,13,13,15,15,14,14,14,14,14,14,14,15,15,16,16,16,16,17,20,20,21,20,20,20,22,22,21,20,20,22,22,22,22,22,24,26,26,31,31,31,33,30,37,37,37,37,36,36,36,36,36,38,39,39,40,44,46,45,47,47,49,50,59,59,57,57,57,57,57,57,58,54,53,53,53,54,54,54,59,53,58,58,58,58,58,62,64,71,75,70,70,70,70,68,70,70,71,71,72,73,73,73,73,73,73,74,74,75,75,75,73,72,70,70,70,70,68,68,67,65,65,65,65,65,65,65,65,65,64,64,64,61,61,61,61,59,58,49,49,54,54,56,56,56,54,54,53,52,52,51,51,51,51,53,50,46,45,45,48,47,58,58,52,52,55,61,65,65,65,58,64,64,65,64,63,65,67,67,67,65,69,69,69,68,68,68,68,72,72,72,74,75,75,75,78,78,78,77,77,77,77,83,80,81,83,82,95,95,95,95,93,93,93,91,91,73,70,72,72,77,78,78,80,84,84,87,87,88,90,90,90,92,90,105,105,103,98,98,97,97,95,95,89,89,83,81,79,79,77,77,79,79,78,78,79,79,80,76,76,77,77,70,66,65,64,56,56,56,55,56,56,56,56,43,43,43,43,42,45,45,46,42,41,42,43,43,47,40,42,42,42,46,45,45,45,43,46,46,45,46,46,46,45,43,43,43,42,42,43,43,43,43,44,44,44,46,47,47,50,53,53,53,53,53,53,50,50,50,49,46,46,46,45,45,50,51,51,51,51,51,51,51,51,49,42,42,40,40,38,38,41,41,41,41,41,41,40,40,39,38,37,32,32,32,33,33,31,33,33,33,33,31,25,25,25,24,24,24,24
4,4,4,4,4,4,4,4,4,4,4,4,7,8,8,8,8,8,8,8,8,8,8,8,8,8,8,8,8,8,8,8,8,8,8,8,8,8,8,8,8,8,8,8,8,8,8,8,8,8,8,8,8,8,8,8,8,8,8,8,8,8,8,8,8,8,8,8,8,8,8,8,8,8,4,4,4,4,4,4,4,4,4,4,4,4,4,4
8,8,9,9,9,10,10,10,10,10,10,10,10,10,10,10,10,10,10,11,11,11,11,11,11,11,11,11,11,11,11,11,11,11,11,11,11,11,11,11,11,11,11,10,10,10,10,10,10,8,8,8,8,8,8,8,8,8,7,7,7,6,6,5,5,5,5,5,5,7,7,7,7,6,6,6,5,5,4,4,3,3,3,3,3,3,3,3,3,3,3,3,3,3,3,3,3,3,3,3,3,3,3,3,3,3,3,3,3,3,4,4,4,4,4,4,4,4,4,4,6,6,6,6,6,6,6,6,6,6,6,6,6,6,6,6,6,6,6,6,6,6,6,4,4,4,4,4,4,4,4,4,4,4,4,4,4,4,4,4,4,4,4,4,4,4,4,4,4,4,4,3,3,3,3,3,5,5,5,5,5,5,5,5,5,5,7,7,8,8,8,8,8,8,9,7,7,7,7,7,7,7,7,7,7,7,7,7,7,7,7,7,7,7,7,7,7,7,7,11,11,11,13,13,13,13,13,13,13,13,13,13,13,13,13,13,13,13,13,13,13,13,14,14,14,14,14,14,14,14,14,14,14,14,14,14,14,14,14,14,16,14,13,9,8,8,8,8,8,8,7,8,8,8,9,9,9,9,9,9,9,9,9,9,9,9,9,9,9,10,10,10,10,10,10,10,10,10,6,7,7,7,7,7,7,7,7,7,7,7,8,8,8,8,8,6,6,6,6,6,6,6,7,7,7,7,7,5,5,5,5,5,5,5,5,4,3,3,4,4
0,0,0,0,0,0,0,0,0,0,0,0,0,0,0,0,0,0,0,0,0,0,0,0,0,0,0,0,0,0,0,0,0,0,0,0,0,0,0,6,6,6,6,6,6,6,6,6,6,6,6,6,6,6,6,6,6,6,6,6,6,6,6,6,6,6,6,6,6,6,6,6,6,6,6,6,6,6,6,6,6,6,6,6,6,6,6,6
8,8,8,8,8,8,8,8,8,8,8,9,9,9,9,9,9,9,9,9,9,9,9,9,9,9,9,9,7,7,7,7,7,7,7,7,7,7,7,7,7,7,7,7,7,7,7,7,7,7,7,7,7,1,1,1,1,1,1,1,1,1,1,1,1,1,1,1,1,1,1,1,1,1,1,1,1,1,1,1,1,1,1,1,1,1,1,0
5,5,5,5,6,6,6,6,6,6,6,6,6,5,5,5,5,5,5,5,5,5,5,5,5,5,5,5,5,5,5,5,5,5,5,5,5,5,5,5,5,5,5,5,5,5,4,4,4,4,4,4,4,4,4,4,4,4,4,4,4,5,5,4,4,4,4,4,4,4,4,4,4,4,4,3,2,2,2,2,2,2,2,2,2,2,2,2,2,2,3,4,5,5,5,5,5,5,5,5,5,5,5,5,5,5,5,5,5,5,5,5,5,6,6,6,6,6,6,6,6,7,9,9,9,9,10,10,10,10,10,9,9,9,12,12,12,11,11,12,12,12,12,14,14,19,19,19,19,19,19,19,19,19,19,19,19,21,21,21,21,21,21,21,21,21,20,19,18,18,18,18,18,18,16,16,16,16,16,16,16,16,20,20,20,20,18,18,20,19,19,19,15,17,17,17,17,14,14,15,15,15,13,13,13,14,14,14,15,14,16,17,17,17,16,16,16,16,16,14,13,13,14,14,14,14,14,14,15,15,15,15,15,15,15,15,15,15,15,17,17,17,17,17,17,17,17,17,17,17,17,16,16,16,16,16,17,17,16,16,14,14,14,12,12,12,12,12,12,12,12,12,12,12,11,11,11,10,10,10,5,5,4,4,4,4,4,3,3,3,3,3,3
2,2,3,3,3,3,3,3,3,3,3,3,3,3,4,4,4,6,6,6,6,7,7,7,7,7,7,7,7,7,7,7,7,6,6,7,7,7,7,7,7,7,7,7,7,7,8,8,8,11,12,12,12,12,12,13,13,13,13,13,13,13,13,13,13,13,13,13,13,13,12,12,12,12,12,12,12,11,11,11,11,11,11,11,11,11,11,11,10,10,10
3,3,3,3,3,3,3,3,3,3,3,3,3,4,4,4,4,4,4,6,6,6,6,6,6,6,6,6,6,6,6,6,6,6,6,6,4,4,4,4,4,4,4,4,4,4,4,4,4,4,4,4,4,4,4,4,4,4,4,6,6,6,6,6,6,6,6,6,5,5,5,5,5,5,5,5,5,5,5,5,5,7,7,7,7,7,7,7,4,4,4,4,4,4,4,4,4,4,4,5,5,5,5,5,5,3,3,3,3,3,3,5,5,5,5,5,5,5,5,5,5,5,5,5,5,5,5,5,5,5,5,5,5,5,5,5,5,5,5,5,5,5,5,5,5,5,5
0,0,0,0,0,0,0,0,0,0,0,0,0,3,3,3,4,4,4,4,4,4,4,4,5,5,5,5,5,5,5,5,5,5,5,5,5,5,5,5,5,5,5,5,5,5,5,5,5,5,5,5,5,5,5,5,5,5,5,5,5,5,5,5,5,5,5,5,5,5,5,5,5,5,5,5,5,5,5,5,5,5,5,5,5,5,5,5
0,0,0,0,0,0,0,0,0,0,0,0,0,0,0,0,0,0,0,0,0,6,6,6,6,6,6,6,6,6,6,6,6,6,6,6,6,6,6,6,6,6,6,6,6,6,6,6,6,6,6,6,6,6,6,6,6,6,6,6,6,6,6,6,6,6,6,6,6,6,6,6,6,6,6,6,6,6,6,6,6,6,6,6,6,6,6,6
7,7,8,8,8,8,8,8,8,8,9,9,9,10,10,10,10,12,12,12,12,12,12,12,12,12,11,11,11,11,9,9,9,10,10,10,10,14,16,16,16,16,16,16,19,19,19,19,19,19,19,18,18,18,18,20,20,22,22,24,30,30,30,38,38,40,39,39,39,37,38,37,37,37,38,38,38,38,38,38,39,39,39,35,35,35,34,34,34,34,36,35,35,34,34,36,35,35,35,25,25,25,26,28,28,29,29,29,28,28,28,28,28,28,28,29,29,29,29,30,30,30,30,30,30,30,30,30,26,26,26,26,24,24,24,24,20,20,20,19,19,19,19,19,19,19,18,18,18,18,18,17,17,17,11,11,10,11,11,11,11,11,11,10,10,9,9,9,7,7,7,7,7,7,7,7,7,7,6,6,5,5,5,5
12,12,12,12,14,14,14,14,14,15,15,15,15,15,15,15,15,15,15,15,15,15,15,15,15,15,15,15,15,15,15,13,13,13,15,15,17,17,17,17,18,16,16,14,15,14,10,10,10,10,8,8,8,10,10,10,10,10,12,12,12,12,12,12,12,12,12,12,12,12,14,14,14,13,13,13,13,13,13,13,13,13,13,13,13,12,12,12,12,13,13,13,13,13,13,14,14,14,14,15,17,17,15,13,13,13,13,13,13,13,11,11,11,9,9,8,8,6,6,6,5,5
8,8,8,8,10,10,10,10,10,10,12,12,13,13,13,13,13,13,14,14,14,14,14,14,14,14,18,18,18,18,18,18,18,18,18,17,16,16,16,16,16,16,16,16,16,16,16,16,16,17,17,18,18,16,16,16,16,17,13,11,11,11,11,11,11,11,11,9,9,9,9,9,11,11,11,11,11,9,9,9,9,9,10,10,10,10,10,10,10,10,10,10,10,10,9,9,9,12,12,12,12,12,12,12,12,12,12,12,12,12,12,12,12,12,12,13,10,10,10,10,10,10,10,10,9,9,8,8,8,8,8,8,8,7,7,7,7,7,7,7,7,5,5,5,5,5,5,5,5,5,5,5,5,5,5,5,5,5,4,5
6,6,7,7,7,7,7,7,7,6,6,6,6,6,6,6,6,6,6,6,5,5,5,5,5,5,5,5,5,9,9,9,9,9,12,17,17,17,17,17,19,19,19,19,19,19,19,19,19,19,19,19,19,19,19,19,19,19,19,19,19,19,19,19,19,19,19,19,19,20,20,19,19,19,19,19,16,16,15,15,15,15,15,15,15,16,16,16,16,16,16,16,16,16,16,13,13,13,13,13,13,13,13,13,9,9,9,9,9,1,1,1,1,1,1,1,1
16,16,16,15,15,16,16,17,14,14,14,14,14,14,14,14,14,14,15,15,15,16,16,16,16,16,18,19,20,20,20,20,20,20,20,20,22,20,20,20,20,20,20,20,19,19,18,18,18,18,18,14,14,14,14,14,14,14,14,14,16,18,21,21,20,20,21,21,22,22,22,22,22,22,22,20,21,21,21,21,21,20,19,19,19,19,19,19,21,21,21,21,21,24,24,26,26,23,21,19,19,19,17,16,15,15,15,15,16,16,16,18,18,18,19,19,19,19,19,19,19,19,19,19,20,22,22,22,20,20,22,22,22,21,21,20,20,18,16,13,13,11,11,11,8,8,8,8,8
10,12,12,12,12,12,12,13,13,12,13,14,14,14,14,14,14,14,14,13,13,13,13,14,14,14,14,14,14,14,14,17,18,19,19,19,19,19,19,22,23,21,20,20,20,20,20,21,25,24,24,24,24,24,27,27,26,26,26,26,26,26,26,26,26,26,26,27,27,27,30,30,30,26,26,26,26,24,24,24,24,24,26,25,25,23,23,24,24,24,24,24,24,24,24,24,24,24,24,23,23,21,21,21,21,21,21,18,17,16,16,16,16,16,13,13,9,9,10,10,10,11,10,10,10,10,10,8,8,7,7,7,7,8,8
5,5,4,4,5,4,4,4,4,4,4,4,5,5,5,5,7,7,7,7,7,7,8,8,8,8,8,8,8,10,10,10,12,12,12,12,13,12,12,12,12,10,10,10,12,13,13,13,13,13,13,13,14,14,14,14,15,15,16,16,16,16,16,17,15,16,16,16,16,16,14,14,14,14,14,14,14,14,13,13,13,13,13,11,11,11,11,11
11,11,11,11,11,11,11,11,11,13,15,15,16,16,22,22,23,23,23,23,23,23,23,23,22,22,22,22,22,22,22,22,22,22,22,22,22,22,22,22,24,24,24,24,22,22,22,22,22,21,17,17,17,17,17,17,19,18,18,18,18,17,17,17,16,16,16,16,16,16,14,14,14,14,14,14,14,14,15,13,13,14,14,14,15,15,15,15,12,11,9,9,9,9,9,9,9,9,9,9,9,9,9,9,9,9,9,9,9,9,9,9,11,11,13,13,14,14,15,15,13,14,14,14,14,14,14,14,14,15,15,15,16,16,16,16,16,16,17,15,15,15,15,17,17,17,17,17,17,18,18,18,18,17,16,16,16,16,16,16,18,18,18,18,19,19,19,17,17,17,17,17,17,17,17,18,19,19,19,19,19,19,19,19,19,17,17,17,15,15,13,12,12,10,10,10,10,10,10,10,10,11,11,11,10,10,10,10
4,7,8,8,8,8,8,8,8,8,8,8,8,8,8,8,8,8,8,8,8,8,8,8,8,8,8,8,8,8,8,8,8,8,8,8,8,8,8,8,8,8,8,8,8,8,8,8,8,8,8,8,8,8,8,8,8,8,8,8,8,8,8,8,8,8,8,8,8,8,8,8,8,8,8,8,4,0,0,0,0,0,0,0,0,0,0,0
9,10,11,11,11,10,11,11,13,13,12,15,36,36,36,36,36,35,36,36,36,37,37,37,37,37,37,37,37,37,36,37,37,37,37,37,37,37,38,38,18,18,18,18,18,19,19,19,19,20,20,20,20,20,19,19,22,25,25,25,25,26,27,23,23,24,26,26,25,25,25,24,25,27,27,24,24,24,24,24,24,23,21,21,20,20,20,19,19,19,19,19,19,19,19,19,18,18,20,20,20,20,20,22,23,23,23,21,21,21,21,21,21,21,21,21,21,21,21,21,21,21,25,25,27,27,28,28,30,30,30,30,25,24,24,24,24,24,24,24,24,23,21,21,21,21,21,21,19,18,18,18,18,21,21,21,21,21,21,21,21,20,20,19,17,17,17,17,17,10,10,10,10,10,10,10,9,11,11,10,10,10,10,10,10,10,10,10,10,9,9,9,9,9,9,9,6,5,5,5,4,3,3,3,3,3,3,3,3,3
14,14,13,12,12,12,12,13,13,13,13,14,15,15,15,16,16,16,16,16,16,16,16,18,19,19,17,17,17,17,17,17,17,17,17,17,18,18,18,18,18,18,18,18,18,16,16,16,16,17,16,14,14,15,15,16,16,16,16,17,17,17,17,17,16,12,12,12,13,12,12,12,12,12,12,12,12,12,12,12,12,12,12,11,11,11,11,10
3,3,4,4,4,4,4,4,6,6,7,7,11,11,11,11,11,11,11,11,11,11,11,11,11,11,11,11,11,11,11,11,12,12,12,12,12,12,12,12,12,12,12,12,12,11,11,11,11,11,11,12,13,13,13,13,13,13,13,13,13,13,13,13,13,13,13,13,11,11,11,11,11,11,11,12,12,12,11,11,11,10,10,10,9,8,8,8
8,9,9,9,9,9,9,9,9,9,8,10,11,11,11,11,11,11,11,11,11,11,11,11,11,11,9,9,8,9,9,9,9,9,8,8,8,8,8,8,8,9,9,9,9,9,9,10,10,10,10,10,11,12,11,12,12,11,11,11,11,11,10,9,9,9,9,9,9,9,9,9,9,9,9,9,9,8,8,8,8,9,9,9,9,9,9,9,8
5,5,5,5,5,6,7,7,7,7,7,7,9,9,9,9,10,9,9,10,10,10,13,13,13,13,13,13,13,13,13,15,15,16,16,16,16,16,16,16,16,16,15,15,15,15,15,13,13,13,13,13,13,13,13,13,13,13,13,13,13,13,13,14,14,14,14,14,14,14,14,14,13,13,13,13,13,8,9,9,9,9,8,8,8,8,8,8,6,6,6,5,5,4,4,4,4,3,4,5,5,5,5,5,5,5,5,5
11,11,11,11,11,11,11,11,11,11,11,11,12,12,13,13,12,12,11,11,11,11,9,9,9,10,11,11,11,11,11,11,11,11,10,10,10,12,14,13,13,13,13,13,13,13,13,10,10,9,10,10,10,10,10,10,10,10,10,11,11,11,11,11,11,11,11,12,12,11,11,11,11,11,11,11,11,11,11,13,14,14,14,14,14,14,14,14,12,12,10,10,10,10,10,10,10,10,10,10,9,10,9,9,9,8,8,8,8,8,8,8,8,10,11,11,11,12,14,14,16,16,16,16,16,17,16,16,14,14,14,14,14,14,16,16,16,16,16,16,16,16,16,15,15,15,15,15,15,15,15,15,15,14,14,15,15,15,16,16,16,16,16,16,16,16,16,16,16,16,16,16,16,17,17,12,12,12,12,12,12,11,13,14,15,15,15,15,15,15,14,14,13,13,13,11,11,11,12,12,12,11,11,11,16,16,18,19,18,18,18,19,19,19,19,19,19,19,19,20,20,20,20,20,20,20,20,20,21,19,18,18,18,18,17,17,17,17,17,17,17,17,17,17,19,19,19,21,20,20,21,19,19,18,18,17,17,18,20,19,19,17,17,17,17,17,17,17,17,17,18,16,16,16,15,15,15,15,15,15,14,14,14,14,14,15,14,14,14,14,14,14,12
10,10,10,10,14,14,10,10,10,10,10,10,10,10,10,10,10,10,14,15,15,15,15,15,15,15,16,16,16,16,17,17,17,17,17,17,17,17,17,17,17,17,17,17,17,17,17,17,17,17,17,17,13,13,13,13,13,12,12,12,12,11,6,6,6,6,6,6,6,6,6,6,6,6,6,6,6,4,4,4,4,4,4,4,4,4,4,4
6,6,6,6,5,5,5,5,5,5,5,6,6,7,7,7,7,7,10,10,10,10,10,10,10,10,10,10,9,9,9,9,9,9,9,10,11,11,11,11,11,11,12,12,12,15,15,15,15,15,15,15,15,14,13,13,13,13,13,13,13,13,13,13,13,13,13,13,13,12,12,11,11,11,11,11,11,11,11,11,11,11,11,11,11,11,11,10,9,9,9,9,9,6,6,7,7,7,7,9,9,9,10,10,10,10,10,11
8,8,8,7,7,7,7,7,7,7,7,7,8,8,8,8,8,3,3,3,3,3,3,3,3,3,7,7,7,7,7,7,7,7,7,7,7,8,8,8,8,8,8,8,8,9,9,9,9,9,9,9,9,8,8,8,8,8,8,8,8,8,10,10,10,10,10,10,10,10,10,10,11,10,10,10,10,10,13,13,13,13,13,13,13,13,13,13,8,8,8,8,8,8,8,8,10,10,10,10,11,11,13,13,15,16,16,16,16,16,15,13,12,12,12,12,13,13,13,13,13,12,12,13,13,13,13,13,13,13,13,13,11,12,12,12,12,12,12,13,13,14,14,14,14,15,15,15,14,14,14,14,14,12,12,12,12,12,12,12,13,14,14,14,14,14,14,14,14,14
11,11,11,10,10,10,10,8,8,7,6,5,11,11,11,11,11,12,12,12,12,10,10,10,10,10,10,10,11,11,13,13,11,11,11,11,11,11,11,11,11,11,5,5,5,5,5,5,5,5,5,5,5,5,5,5,5,5,5,5,5,5,5,5,5,5,5,5,5,5,5,5,5,5,5,5,4,4,4,4,4,4,4,4,4,4,4,4
14,14,14,14,12,12,12,12,12,12,12,12,12,12,12,12,12,12,12,12,12,12,12,12,14,14,14,15,15,15,15,15,15,15,15,15,15,15,15,15,15,15,15,13,12,11,11,11,11,11,11,12,12,12,12,12,12,12,12,12,10,10,11,10,10,10,12,10,9,8,8,8,8,8,9,9,9,9,11,11,11,11,11,11,11,11,11,11
10,10,10,10,12,12,13,14,13,13,13,13,13,14,14,14,14,16,16,17,17,17,17,17,17,17,20,20,20,20,20,20,20,20,20,20,20,20,20,20,21,21,21,21,21,21,22,22,22,23,25,26,26,26,26,25,25,25,25,25,25,25,25,25,25,24,24,24,23,23,21,20,20,20,20,20,20,20,20,20,16,16,14,14,14,15,15,15,14,14,14,14,16,17,15,15,15,15,15,15,15,12,12,12,12,12,12,12,13,13,13,13,13,13,12,12,12,12,12,12,12,11,11,11,10,9,8,8,8,9,9,9,9,9,9,9,9,9,9,9,9,9,10,10,10,10,10,10,10,10,11,11,11,11,11,11,12,11,15,16,16,16,16,16,16,16,14,14,12,12,12,12,12
3,3,2,2,2,3,3,4,6,6,6,8,8,9,9,9,9,11,11,11,13,13,15,15,15,17,17,19,19,19,19,18,18,18,18,18,18,18,18,19,19,19,19,19,23,23,25,25,25,25,25,25,24,22,24,24,24,24,24,24,24,24,24,24,22,22,22,22,22,20,20,18,18,18,18,18,18,16,16,16,16,13,12,12,12,12,12,12,10,9,9,9,9,9,7,7,5,5,5,5,5,7,8,8,8,8,8,8
7,7,7,7,7,7,7,7,8,9,9,10,10,10,10,10,13,13,15,15,15,15,15,15,15,15,15,15,15,15,15,15,15,15,15,15,15,17,17,17,17,17,17,15,14,14,14,14,14,14,16,16,16,16,16,20,22,22,22,22,22,22,22,23,21,21,21,20,22,21,21,21,21,22,22,22,21,23,23,23,23,20,20,22,22,21,21,20,18,18,18,18,13,13,13,14,14,14,14,15,15,17,17,17,17,17,17,15,15,15,15,15,13,14,14,14,14,14,14,14,12,13,13,13,14,14,14,14,14,15,16,16,17,17,17,13,14,15,15,12,12,12,12,12,12,11,11,11,11,11,12,12,12,12,13,15,15,16,17,17,18,20,22,22,22,22,26,26,26,26,26,29,29,29,28,28,28,28,28,28,28,29,29,29,25,25,25,25,25,25,26,26,27,27,27,27,27,31,30,33,32,32,32,34,34,33,30,28,28,26,26,26,26,26,26,26,26,26,28,28,28,28,28,29,30,30,30,28,28,28,26,26,24,18,20,19,19,19,19,19,19,19,20,20,18,16,13,13,13,13,12,12,12,12,12,14,15,15,15,15,15,13,14,14,14,12,11,11,11,11,11,11,10,9,9,9,10,10,11,11,11,11,11,11,11,11,11,11,11,11,11,11,11,11,11,11,11,11,11,8,8,9,9,9,9,7,9,9,10,10,10,11,11,11,12,13,14,13,15,15,15,15,15,15,15,15,15,13,13,13,13,13,13,13,13,12,12,15,16,16,16,16,16,16,16,17,17,15,15,15,15,14,13,12,12,12,12,12,14,12,12,14,15,15,15,15,15,15,15,15,15,15,15,15,15,15,14,14,14,14,15,17,17,17,16,16,16,16,16,15
12,12,12,12,12,12,12,12,12,12,12,12,12,13,14,15,15,15,16,16,17,17,17,17,18,18,19,18,21,22,22,22,22,22,22,20,20,23,21,22,22,22,23,23,25,25,28,28,28,29,30,31,31,31,31,37,37,37,37,36,36,39,38,38,38,35,35,36,36,37,37,41,41,40,40,40,40,40,40,40,41,41,41,41,41,43,44,44,44,42,42,43,43,41,40,44,43,43,43,42,42,42,42,41,38,39,39,39,39,40,40,44,44,44,45,47,48,52,51,52,52,52,49,49,48,45,44,42,43,41,38,36,36,36,35,35,35,34,34,35,36,38,37,38,38,38,34,34,34,34,34,33,33,33,33,33,26,27,27,27,27,27,26,26,28,28,24,26,26,26,26,26,26,26,26,26,25,25,25,25,25,24,25,21,22,24,23,23,22,24,24,22,21,21,22,22,24,24,28,29,29,29,28,28,29,31,31,31,31,31,29,29,29,29,31,30,27,27,27,24,23,21,21,21,21,21,21,21,21,21,21,21,21,21,21,21,21,23,23,23,23,23,23,23,23,23,23,23,23,23,23,23,26,26,26,27,27,27,27,27,27,23,19,19,17,17,17,17,15,15,14,14,13,12,11,11,11,11,11,10,10,10,10,10,10,10
7,7,6,6,8,8,8,8,8,9,9,9,9,9,9,9,9,9,9,9,9,9,12,12,12,12,11,11,12,12,12,12,12,12,13,13,13,13,15,17,17,17,17,17,16,16,16,19,19,19,19,18,18,19,19,19,19,18,16,16,16,16,16,21,21,25,25,25,25,25,28,28,26,26,26,26,24,24,24,24,24,27,27,27,27,26,26,26,26,27,27,27,27,27,27,24,24,26,26,27,27,28,27,35,35,35,35,34,34,34,35,35,30,31,31,30,31,31,31,31,33,33,33,32,32,32,32,32,32,32,34,34,34,34,33,35,35,32,32,32,32,32,32,32,30,28,27,27,27,28,28,27,27,27,25,25,25,23,24,24,24,20,18,19,20,19,15,15,15,15,15,15,15,14,14,15,12,12,12,12,12,12,12,12,12,12,9,9,8,8,8,7,7,10,10,10,12,12,12,13,12,12,12,12,12,12,11,11,11,11,11,11,11,11,11,11,11,11,9,9
9,9,9,9,9,9,9,9,9,8,8,8,8,8,8,8,8,8,8,8,8,8,8,8,8,8,8,8,8,8,8,8,8,8,8,8,8,8,8,8,8,8,8,8,8,0,0,0,0,0,0,0,0,0,0,0,0,0,0,0,0,0,0,0,0,0,0,0,0,0,0,0,0,0,0,0,0,0,0,0,0,0,0,0,0,0,0,0
11,11,13,13,13,13,13,16,17,17,17,17,17,17,18,18,18,17,17,17,17,17,17,17,17,17,17,19,23,25,25,25,25,25,25,25,25,25,26,25,28,29,30,30,30,32,32,32,32,32,31,31,31,33,38,39,39,40,40,40,45,45,46,44,44,47,47,49,48,47,48,48,49,52,52,50,50,50,50,55,56,56,56,52,52,52,52,52,49,49,49,49,54,56,52,52,52,52,51,53,54,54,53,53,51,49,49,48,46,44,44,44,44,44,37,32,29,29,29,27,27,28,28,28,28,28,29,32,32,30,26,26,25,25,25,22,20,20,19,18,15,15,25,25,25,25,24,24,23,23,23,23,23,23,23,22,20,20,20,20,20,20,20,20,20,20,20,19,17,17,17,17,17,17,17,17,16,16,18,18,18,17,17,17,17,17,16,16,16,16,12,12,12,12,14,14,14,14,14,14,14,14,14,12,12,13,18,18,18,18,18,18,18,18,18,18,18,12,12,12,12,11,11,11,11,11,11,11,9,9
13,13,13,13,13,13,13,13,13,13,13,13,13,13,13,11,11,11,11,11,11,19,19,19,19,19,19,19,19,19,19,19,17,17,17,17,16,16,16,16,16,16,18,18,18,18,18,10,10,10,10,10,10,11,9,9,9,9,11,11,11,11,11,11,10,10,10,10,9,9,9,9,9,9,9,9,7,7,7,7,5,5,5,5,5,5,5,5,5,5,5,5,5,5
9,9,9,9,9,9,9,9,8,8,9,10,11,11,11,11,11,11,11,11,9,10,10,10,10,10,10,10,10,10,10,10,10,10,10,10,10,10,10,10,10,10,10,10,12,12,15,15,15,15,15,15,15,15,15,15,17,17,17,17,17,17,17,14,14,16,17,17,17,17,17,17,17,17,17,15,15,15,15,16,16,16,16,15,15,15,14,13,12,12,12,13,13,13,13,10,10,10,10,10,8,8,8,9,9,11,11,11,11,11,11,11,11,11,11,11,9,9,9,9,9,9,6,6,6,6,6,6,6,6,6,10,10,10,10,10,10,10,10,9,9,9,9,9,9,9,13,13,13,13,13,14,14,14,14,11,11,11,11,11,11,11,11,11,11,11,11,10,10,10,10,10,10,11,13,13,13,13,12,12,12,12,12,11,11,11,11,11,11,11,11,11,11,11,11,11,11,11,11,11,11,11,11,10,10,8,7,7,7,7,5,5,5,5,5,5,5,5,5
11,11,11,11,11,11,11,11,11,10,8,8,8,8,8,8,9,9,13,13,13,13,13,13,13,13,14,13,13,13,13,13,13,13,13,13,13,13,13,13,13,13,13,13,13,13,13,13,13,12,12,12,12,10,9,9,8,8,8,8,8,8,8,8,7,7,7,7,7,7,7,7,7,7,7,7,6,6,6,6,6,6,6,6,6,6,6,6
14,16,16,12,14,14,16,16,16,16,14,14,15,15,15,15,15,15,15,14,14,14,13,13,13,13,13,13,13,13,13,15,15,15,15,15,15,15,15,15,15,15,15,15,15,10,10,10,10,10,10,10,10,10,10,10,10,10,10,9,9,10,10,9,9,9,9,10,10,10,10,8,9,9,9,9,7,7,7,7,8,8,8,8,8,8,10,10,9,9,11,11,12,13,13,13,13,13,13,13,13,13,13,13,13,13,11,11,11,11,9,9,9,9,9,9,9,9,10,10,10,10,10,10,10,10,10,10,10,10,10,10,10,11,9,9,7,8,8,8,8,8,8,8,8,8,8,10,9,9,9,9,9,9,9,9,8,8,9,9,9,9,9,9,9,9,9,8,7,7,9,9,9,11,11,11,11,11,11,11,11,11,11,11,11,11,11,9,9,9,9,9
12,12,12,12,12,12,12,12,12,12,12,12,12,12,12,12,12,12,12,12,12,12,12,10,10,10,10,10,10,10,10,10,10,10,10,10,10,12,12,11,11,11,11,11,11,11,11,13,13,13,13,12,12,12,12,12,14,14,14,14,13,13,16,12,12,12,12,14,14,14,14,13,13,12,12,12,12,12,12,12,12,12,12,10,12,14,14,14,12,12,12,12,12,12,12,12,12,12,12,13,13,10,12,12,12,12,12,12,12,12,12,14,16,16,16,16,16,16,16,16,16,16,14,14,14,14,14,14,14,12,12,12,12,12,12,12,12,11,11,11,11,9,9,9,9,9,9,8,6,6,6,6,6,6,6,6,6,4,4,4,4,4,4,4,4,4,4,4,5,5,5,5,5,5,5,4,4,3,3,3,3,3,3
1,1,1,2,2,2,2,2,2,2,2,2,5,5,5,5,5,5,5,5,5,5,5,5,5,5,5,5,5,5,5,5,5,5,5,5,5,5,5,5,5,5,5,5,5,5,5,5,5,5,5,5,5,5,5,5,5,5,5,5,5,5,5,5,5,5,5,5,5,5,5,5,5,5,5,5,5,5,5,4,4,4,4,4,4,4,4,4
8,8,8,8,8,8,8,8,8,8,8,8,8,8,8,8,8,8,8,8,8,8,8,9,9,9,9,9,9,9,9,9,9,9,9,9,9,9,9,9,9,9,9,9,9,9,9,9,9,9,9,9,1,1,1,1,1,1,1,0,0,0,0,0,0,0,0,0,0,0,0,0,0,0,0,0,0,0,0,0,0,0,0,0,0,0,0,0
6,6,6,6,6,5,5,5,5,5,5,5,7,7,7,7,7,7,7,7,6,6,14,14,14,14,14,14,14,14,14,14,14,14,14,14,14,14,14,14,14,14,14,14,14,14,14,14,15,15,15,15,15,15,15,14,14,14,14,14,14,14,14,14,14,5,5,5,5,6,6,6,6,6,7,7,7,7,7,7,7,7,7,7,7,7,7,6,5,5,5,5,5,5,5,5,5,5,5,5,5,5,5,5,5,5,5,5,5,5,5,5,5,5,5,5,5,5,5,5,5,5
16,16,17,17,17,17,17,17,17,19,20,20,20,19,19,21,20,20,21,21,19,19,20,21,21,23,23,23,26,26,27,27,27,27,27,29,28,28,26,26,28,28,32,32,30,30,30,30,31,33,33,33,33,33,34,32,32,31,31,32,31,31,31,31,31,32,32,34,30,28,28,28,28,28,28,27,27,27,26,26,26,26,26,26,25,24,25,25,25,24,23,23,23,22,23,21,21,21,20,19,19,19,19,18,17,18,18,18,18,18,16,17,17,17,16,15,13,13,13,13,13,13,13,12,10,10,10,8,8,7,7,7,7,6,6,6,6,6,7,7,8,7,5,5,5,5,5,5,5,6,6,9,10,11,12,12,12,13,13,13,13,13,13,13,13,15,15,15,15,15,14,14,14,14,14,14,14,15,15,15,16,16,18,19,21,21,22,23,28,28,28,28,28,28,33,33,33,33,33,34,34,34,35,38,39,39,39,39,39,40,40,40,40,39,40,41,41,43,48,50,54,54,55,55,59,63,66,60,60,59,62,70,70,70,69,67,67,73,73,76,75,74,73,73,75,75,73,74,74,75,75,75,76,76,91,91,91,90,90,91,94,94,95,81,78,80,80,82,84,83,84,80,80,81,86,86,87,88,83,82,79,79,79,81,82,85,85,86,85,86,82,85,85,85,86,82,86,96,111,110,109,113,113,113,113,113,110,103,103,103,102,102,104,104,104,103,104,103,102,104,106,106,106,105,106,106,107,106,102,95,96,96,96,96,95,99,96,96,98,98,103,103,103,103,102,101,102,102,103,92,95,95,93,93,94,98,99,99,97,92,96,98,100,101,102,102,103,101,99,95,94,90,89,74,74,74,74,72,72,74,74,73,73,74,74,80,82,82,76,77,77,81,82,81,80,79,79,81,81,81,78,78,83,80,88,75,76,72,72,73,73,71,71,73,71,71,72,72,76,76,78,77,76,80,80,78,78,77,81,80,80,83,84,84,84,84,83,80,83,83,83,83,83,83,84,85,82,82,84,84,83,85,84,82,82,83,84,73,74,72,71,71,71,71,69,64,62,59,63,63,64,64,61,62,62,62,63,63,63,61,63,64,64,62,62,61,61,61,60,60,58,59,57,58,62,62,60,60,63,63,63,63,63,63,58,58,59,58,59,61,61,64,63,63,54,51,53,54,52,53,51,50,53,53,51,51,51,50,50,50,50,49,49,49,47,47,45,43,44,44,45,45,45,44,43,43,41,42,41,42,43,42,42,43,43,42,40,37,37,37,38,38,38,38,38,40,40,37,37,31,31,31,31,32,26,28,28,28,27,27,27,27,26,24,21,19,18,18,18,18,20,21,21,21,21,20,20,20,19,19,19,19,19,21,21,22,21,21,21,21,21,20,19,21,21,21,20,21,19,19,19,19,18,18,17,17,16,16,16,15,13,13,14,14,14,14,14,14,14,15,16,16,16,16,16,16,16,16,16,15,15,13,14,16,16,16,16,16,17,18,16,16,16,16,16,16,16,16,17,17,17,17,17,17,18,18,18,18,17,18,17,15,15,15,15,15,15,15,15,16,18,17,17,17,17,17
8,14,14,13,13,13,13,13,13,13,13,14,14,16,16,16,19,19,18,20,20,20,20,22,22,24,25,25,26,26,28,28,29,29,29,29,29,29,29,29,30,30,30,26,26,26,26,26,26,26,25,26,26,27,27,27,27,29,29,29,31,31,31,31,33,33,33,33,33,31,31,32,32,32,32,30,30,30,28,28,29,27,29,29,29,29,29,28,26,24,23,25,25,25,35,35,35,35,35,37,37,35,34,29,32,32,32,31,28,28,27,27,27,26,29,29,29,29,29,29,29,30,30,30,30,30,29,29,29,28,29,29,15,15,15,15,15,15,15,15,15,15,15,15,15,15,15,12,12,14,14,14,14,14,14,13,11,11,9,9,9,9,9,9,9,9,9,9,9,9,9,9,9,8,7,7,7,7,7,7,6,6,4,4,4,4,4
